6
50
0 "Albânia"
1 "Alemanha"
2 "Andorra"
3 "Armênia"
4 "Áustria"
5 "Azerbaijão"
6 "Bélgica"
7 "Bielorrússia"
8 "Bósnia-Herzegovina"
9 "Bulgária"
10 "Cazaquistão"
11 "Chipre"
12 "Croácia"
13 "Dinamarca"
14 "Eslováquia"
15 "Eslovênia"
16 "Espanha"
17 "Estônia"
18 "Finlândia"
19 "França"
20 "Geórgia"
21 "Grécia"
22 "Hungria"
23 "Irlanda"
24 "Islândia"
25 "Itália"
26 "Letônia"
27 "Lituânia"
28 "Liechtenstein"
29 "Luxemburgo"
30 "Macedônia do Norte"
31 "Malta"
32 "Moldávia"
33 "Mônaco"
34 "Montenegro"
35 "Noruega"
36 "Países Baixos"
37 "Polônia"
38 "Portugal"
39 "Reino Unido"
40 "Romênia"
41 "Rússia"
42 "San Marino"
43 "Sérvia"
44 "Suécia"
45 "Suíça"
46 "Tchéquia"
47 "Turquia"
48 "Ucrânia"
49 "Vaticano"
192
0 34 158
0 43 603
0 30 223
0 21 680
1 19 1050
1 6 754
1 29 763
1 36 659
1 13 435
1 37 575
1 46 349
1 4 641
1 45 955
2 19 863
2 16 614
3 47 1386
3 20 273
3 5 650
4 25 1081
4 1 659
4 45 837
4 15 378
4 46 292
4 28 650
4 22 244
4 14 68
5 41 2192
5 20 574
5 3 650
6 19 308
6 29 192
6 1 758
6 36 257
7 48 1031
7 37 555
7 27 202
7 26 474
7 41 719
8 34 230
8 12 402
8 43 297
9 40 383
9 43 393
9 30 241
9 21 791
9 47 995
10 41 2786
11 47 750
12 15 139
12 22 346
12 43 394
12 8 404
12 34 629
13 1 439
13 44 615
14 46 328
14 37 661
14 48 1224
14 22 194
14 4 66
15 4 381
15 22 462
15 12 138
15 25 722
16 38 625
16 19 1278
16 2 615
17 26 308
17 41 1106
18 44 482
18 35 986
18 41 1122
19 2 860
19 6 312
19 1 1054
19 25 1424
19 29 375
19 33 981
19 16 1275
19 39 468
19 45 573
20 41 1964
20 5 575
20 3 273
20 47 1294
21 47 1537
21 0 672
21 9 790
21 30 696
22 4 245
22 12 348
22 14 195
22 15 463
22 40 834
22 43 377
22 48 1116
23 39 565
25 19 1467
25 45 865
25 4 1144
25 15 761
25 42 317
25 49 4
25 31 1045
26 17 308
26 41 922
26 7 480
26 27 284
27 26 277
27 7 202
27 37 506
27 41 922 
28 4 670
28 45 218
29 19 367
29 1 767
29 6 212
30 43 432
30 9 236
30 21 698
30 0 223
31 25 1045
32 40 458
32 48 578
33 19 948
34 0 157
34 8 230
34 12 627
34 43 447
35 44 522
35 18 985
35 41 1918
36 6 229
36 1 714
37 1 573
37 41 1266
37 46 637
37 14 655
37 48 816
37 7 555
37 27 507
38 16 606
39 19 463
39 23 573
40 22 833
40 48 1049
40 32 459
40 9 384
40 43 597
41 35 1920
41 18 1118
41 17 1038
41 26 921
41 7 715
41 27 920
41 37 1263
41 48 1679
41 20 1963
41 5 2185
41 10 2835
42 25 322
43 22 378
43 40 597
43 9 391
43 30 432 
43 0 606
43 8 300
43 12 396
43 34 448
44 18 483
44 35 528
45 1 952
45 4 894
45 28 219
45 25 853
45 19 573
46 1 348
46 37 632
46 4 293
46 14 328
47 21 1537
47 9 993
47 20 1372
47 3 1391
48 41 1671
48 7 994
48 37 789
48 14 1221
48 22 1117
48 32 579
48 40 1048
49 25 4